color [0] [149,132,66,255]
color [96] [119,101,50,255]
color [36] [227,195,68,255]
color [75] [176,145,55,255]
color [89] [75,66,36,255]
color [66] [231,192,64,255]
color [65] [244,208,63,255]
color [47] [206,174,75,255]
color [83] [118,100,49,255]
color [73] [198,165,64,255]
color [57] [209,164,85,255]
color [64] [241,203,60,255]
color [61] [146,136,75,255]
color [77] [121,99,47,255]
color [63] [235,193,62,255]
color [85] [133,110,51,255]
color [26] [166,142,65,255]
color [18] [138,117,64,255]
color [53] [214,184,90,255]
color [76] [153,123,50,255]
color [12] [108,116,70,255]
color [72] [168,164,95,255]
color [43] [214,182,70,255]
color [37] [186,161,62,255]
color [11] [90,129,80,255]
color [23] [140,119,62,255]
color [44] [213,186,71,255]
color [2] [108,115,71,255]
color [68] [155,138,90,255]
color [6] [148,130,74,255]
color [71] [146,136,59,255]
color [60] [126,125,76,255]
color [93] [122,102,47,255]
color [9] [127,109,64,255]
color [15] [143,127,72,255]
color [25] [177,149,71,255]
color [29] [126,108,56,255]
color [46] [224,196,82,255]
color [30] [112,119,91,255]
color [55] [184,160,75,255]
color [48] [190,159,74,255]
color [34] [219,194,80,255]
color [22] [124,127,78,255]
color [79] [85,73,39,255]
color [28] [156,129,62,255]
color [17] [149,126,68,255]
color [84] [123,103,49,255]
color [19] [108,96,55,255]
color [42] [186,158,64,255]
color [92] [109,90,42,255]
color [35] [217,190,72,255]
