color [0] [224,224,224,255]
color [51] [255,255,255,255]
color [50] [255,255,255,255]
color [79] [255,255,255,255]
color [62] [255,255,255,255]
color [19] [255,255,255,255]
color [61] [255,255,255,255]
color [42] [255,255,255,255]
color [12] [255,255,255,255]
color [78] [255,255,255,255]
color [21] [255,255,255,255]
color [97] [255,255,255,255]
color [32] [255,255,255,255]
color [8] [255,255,255,255]
color [69] [255,255,255,255]
color [41] [255,255,255,255]
color [6] [255,255,255,255]
color [22] [255,255,255,255]
color [7] [255,255,255,255]
color [80] [255,255,255,255]
color [81] [255,255,255,255]
color [95] [255,255,255,255]
color [30] [255,255,255,255]
color [35] [0,0,0,255]
color [98] [255,255,255,255]
color [68] [255,255,255,255]
color [67] [241,241,241,255]
color [39] [255,255,255,255]
color [71] [255,255,255,255]
color [60] [255,255,255,255]
color [59] [255,255,255,255]
color [31] [255,255,255,255]
color [92] [255,255,255,255]
color [15] [233,233,233,255]
color [96] [255,255,255,255]
color [26] [55,55,55,255]
color [76] [217,217,217,255]
color [73] [207,207,207,255]
color [66] [219,219,219,255]
color [55] [202,202,202,255]
color [47] [219,219,219,255]
color [57] [196,196,196,255]
color [63] [210,210,210,255]
color [86] [223,223,223,255]
color [56] [76,76,76,255]
color [36] [77,77,77,255]
