color [0] [89,95,145,255]
color [88] [251,198,101,255]
color [24] [32,32,33,255]
color [72] [32,43,136,255]
color [29] [56,72,170,255]
color [44] [243,226,177,255]
color [50] [29,34,85,255]
color [85] [120,133,202,255]
color [4] [56,72,170,255]
color [53] [237,221,178,255]
color [23] [33,33,33,255]
color [49] [91,99,163,255]
color [59] [57,73,171,255]
color [58] [77,92,183,255]
color [55] [121,134,203,255]
color [3] [222,209,177,255]
color [45] [103,117,194,255]
color [5] [88,103,189,255]
color [67] [90,105,190,255]
color [22] [32,32,32,255]
color [32] [33,33,33,255]
color [20] [32,32,32,255]
color [39] [63,77,169,255]
color [65] [119,132,202,255]
color [37] [102,111,176,255]
color [80] [26,35,126,255]
color [84] [157,161,196,255]
color [36] [129,133,175,255]
color [7] [85,100,188,255]
color [27] [103,96,84,255]
color [48] [77,91,178,255]
color [81] [26,35,126,255]
color [1] [26,35,126,255]
color [9] [108,120,192,255]
color [40] [32,32,33,255]
color [6] [125,128,168,255]
color [78] [98,106,170,255]
color [25] [35,35,39,255]
color [92] [37,49,142,255]
color [33] [48,51,71,255]
color [69] [102,107,161,255]
color [99] [123,132,193,255]
color [70] [26,35,126,255]
color [91] [26,35,126,255]
color [15] [151,143,138,255]
